for new graph in tess observation use this data by changing sector values
TICID	Camera	CCD	Tmag	RA	Dec	
1542611	1	1	9.04	169.551	-17.9724	
1588469	1	4	8.11	169.6709	-12.4473	
1588852	1	4	8.76	170.7327	-12.7817	
1595409	1	4	8.17	170.9517	-13.5763	
1596649	1	4	16.68	170.9309	-14.9316	
1628071	1	3	3.99	188.0145	-16.1964	
1628320	1	3	8.45	188.0407	-15.2713	
1628988	1	3	16.88	188.0612	-13.2048	
1629601	1	3	8.23	188.1876	-12.785	
1629931	1	3	5.39	188.1489	-13.8595	
1630050	1	3	8.74	188.2392	-14.2453	
1630433	1	3	13.36	188.1839	-15.5165	
1650025	1	3	9.4	188.202	-16.577	
1650234	1	3	7.22	188.171	-17.2206	
1652548	1	3	4.82	188.3926	-12.8298	
1653065	1	3	16.34	188.4028	-14.4189	
1668722	1	3	7.68	188.4106	-17.7939	
5531392	1	1	11.01	163.4859	-23.5435	
5576756	1	1	8.07	166.0405	-22.3004	
5577274	1	1	8.1	165.9801	-20.7521	
5595193	1	1	15.75	166.1963	-18.6207	
5597639	1	1	12.59	166.2781	-22.217	
5630042	1	2	16.25	178.9281	-23.5659	
5630425	1	2	13.34	178.9257	-22.4176	
5647251	1	3	11.6	178.9384	-18.911	
5649509	1	2	15.63	179.0627	-23.8627	
